0 0 0 0
1 103 198 1
1 105 115 1
1 81 255 1
1 74 236 1
1 41 205 1
1 186 171 1
1 242 251 1
1 227 70 1
1 124 194 1
1 84 248 1
1 27 232 1
1 231 141 1
1 118 90 1
1 46 99 1
1 51 159 1
1 201 154 1
1 102 50 1
1 13 183 1
1 49 88 1
1 163 90 1
1 37 93 1
1 5 23 1
1 88 233 1
1 94 212 1
1 171 178 1
1 205 198 1
1 155 180 1
1 84 17 1
1 14 130 1
1 116 65 1
1 33 61 1
1 220 135 1
1 112 233 1
1 62 161 1
1 65 225 1
1 252 103 1
1 62 1 1
1 126 151 1
1 234 220 1
1 107 150 1
1 143 56 1
1 92 42 1
1 236 176 1
1 59 251 1
1 50 175 1
1 60 84 1
1 236 24 1
1 219 92 1
1 2 26 1
1 254 67 1
1 251 250 1
1 170 58 1
1 251 41 1
1 209 230 1
1 5 60 1
1 124 148 1
1 117 216 1
1 190 97 1
1 137 249 1
1 92 187 1
1 168 153 1
1 15 149 1
1 177 235 1
1 241 179 1
1 5 239 1
1 247 0 1
1 233 161 1
1 58 229 1
1 202 11 1
1 203 208 1
1 72 71 1
1 100 189 1
1 31 35 1
1 30 168 1
1 28 123 1
1 100 197 1
1 20 115 1
1 90 197 1
1 94 75 1
1 121 99 1
1 59 112 1
1 100 36 1
1 17 158 1
1 9 220 1
1 170 212 1
1 172 242 1
1 27 16 1
1 175 59 1
1 51 205 1
1 227 80 1
1 72 71 1
1 21 92 1
1 187 111 1
1 34 25 1
1 186 155 1
1 125 245 1
1 11 225 1
1 26 28 1
1 127 35 1
1 248 41 1
1 248 164 1
1 27 19 1
1 181 202 1
1 78 232 1
1 152 50 1
1 56 224 1
1 121 77 1
1 61 52 1
1 188 95 1
1 78 119 1
1 250 203 1
1 108 5 1
1 172 134 1
1 33 43 1
1 170 26 1
1 85 162 1
1 190 112 1
1 181 115 1
1 59 4 1
1 92 211 1
1 54 148 1
1 179 175 1
1 226 240 1
1 228 158 1
1 79 50 1
1 21 73 1
1 253 130 1
1 78 169 1
1 8 112 1
1 212 178 1
1 138 41 1
1 84 72 1
1 154 10 1
1 188 213 1
1 14 24 1
1 168 68 1
1 172 91 1
1 243 142 1
1 76 215 1
1 45 155 1
1 9 66 1
1 229 6 1
1 196 51 1
1 175 205 1
1 163 132 1
1 127 45 1
1 173 212 1
1 118 71 1
1 222 50 1
1 28 236 1
1 74 196 1
1 48 246 1
1 32 35 1
1 133 108 1
1 251 178 1
1 7 4 1
1 244 236 1
1 11 185 1
1 32 186 1
1 134 195 1
1 62 5 1
1 241 236 1
1 217 103 1
1 51 183 1
1 153 80 1
1 163 227 1
1 20 211 1
1 217 52 1
1 247 94 1
1 160 242 1
1 16 168 1
1 246 5 1
1 148 1 1
1 190 180 1
1 188 68 1
1 120 250 1
1 73 105 1
1 230 35 1
1 208 26 1
1 218 105 1
1 106 126 1
1 76 126 1
1 81 37 1
1 179 72 1
1 132 83 1
1 58 148 1
1 251 49 1
1 153 144 1
1 50 87 1
1 68 238 1
1 155 188 1
1 233 229 1
1 37 207 1
1 8 245 1
1 233 226 1
1 94 83 1
1 96 170 1
1 210 178 1
1 208 133 1
1 250 84 1
1 216 53 1
1 232 212 1
1 102 130 1
1 100 152 1
1 217 168 1
1 135 117 1
1 101 112 1
1 90 138 1
1 63 98 1
1 128 41 1
1 68 222 1
1 124 165 1
1 137 78 1
1 87 89 1
1 211 81 1
1 173 172 1
1 134 149 1
1 128 236 1
1 23 228 1
1 133 241 1
1 140 12 1
1 102 241 1
1 124 192 1
1 124 187 1
1 34 252 1
1 228 102 1
1 218 97 1
1 11 99 1
1 175 98 1
1 188 131 1
1 180 105 1
1 47 58 1
1 255 175 1
1 39 22 1
1 147 172 1
1 7 31 1
1 184 109 1
1 17 52 1
1 45 141 1
1 239 79 1
1 137 212 1
1 182 99 1
1 53 193 1
1 199 228 1
1 36 131 1
1 103 216 1
1 237 150 1
1 18 236 1
1 69 57 1
1 2 216 1
1 229 10 1
1 248 157 1
1 119 9 1
1 209 165 1
1 150 193 1
1 244 31 1
1 149 170 1
1 130 202 1
1 108 73 1
1 174 144 1
1 205 22 1
1 104 186 1
1 172 122 1
1 166 242 1
1 180 168 1
1 202 153 1
1 178 194 1
1 55 42 1
1 203 8 1
1 207 97 1
1 201 195 1
1 128 94 1
1 110 3 1
1 40 218 1
1 76 215 1
1 106 25 1
1 237 210 1
1 211 153 1
1 76 121 1
1 139 0 1
1 34 86 1
1 154 212 1
1 24 209 1
1 254 228 1
1 217 205 1
1 69 163 1
1 145 198 1
1 1 255 1
1 201 42 1
1 217 21 1
1 1 67 1
1 47 238 1
1 21 2 1
1 135 97 1
1 124 19 1
1 98 158 1
1 105 252 1
1 114 129 1
1 205 113 1
1 101 166 1
1 62 171 1
1 73 207 1
1 113 75 1
1 206 58 1
1 117 167 1
1 79 118 1
1 234 126 1
1 100 255 1
1 129 235 1
1 97 253 1
1 254 195 1
1 155 103 1
1 191 13 1
1 233 140 1
1 126 78 1
1 50 189 1
1 249 124 1
1 140 106 1
1 199 91 1
1 164 60 1
1 2 244 1
1 178 237 1
1 114 22 1
1 236 243 1
1 1 77 1
1 240 0 1
1 16 139 1
1 103 207 1
1 153 80 1
1 91 23 1
1 159 142 1
1 212 152 1
1 10 97 1
1 3 209 1
1 188 167 1
1 13 190 1
1 155 191 1
1 171 14 1
1 213 152 1
1 1 214 1
1 229 242 1
1 214 246 1
1 125 62 1
1 197 22 1
1 142 33 1
1 46 45 1
1 175 2 1
1 198 185 1
1 99 201 1
1 138 31 1
1 112 151 1
1 222 12 1
1 86 137 1
1 26 43 1
1 33 27 1
1 1 7 1
1 13 216 1
1 253 139 1
1 22 194 1
1 161 164 1
1 227 207 1
1 210 146 1
1 210 152 1
1 75 53 1
1 97 213 1
1 85 209 1
1 108 51 1
1 221 194 1
1 188 247 1
1 237 222 1
1 19 239 1
1 229 32 1
1 199 226 1
1 171 221 1
1 164 77 1
1 129 136 1
1 28 83 1
1 26 238 1
1 235 102 1
1 36 76 1
1 59 121 1
1 30 168 1
1 172 251 1
1 106 104 1
1 243 88 1
1 70 6 1
1 71 43 1
1 38 14 1
1 13 210 1
1 235 178 1
1 31 108 1
1 58 59 1
1 192 84 1
1 42 171 1
1 186 78 1
1 248 246 1
1 199 22 1
1 158 115 1
1 17 8 1
1 219 4 1
1 96 34 1
1 10 167 1
1 77 49 1
1 181 91 1
1 3 160 1
1 13 34 1
1 13 71 1
1 93 205 1
1 155 135 1
1 120 86 1
1 213 112 1
1 76 156 1
1 134 234 1
1 15 152 1
1 242 235 1
1 156 83 1
1 13 167 1
1 250 90 1
1 216 176 1
1 181 219 1
1 80 194 1
1 253 93 1
1 9 90 1
1 42 165 1
1 226 163 1
1 251 183 1
1 19 71 1
1 84 154 1
1 49 99 1
1 50 35 1
1 78 206 1
1 118 91 1
1 117 113 1
1 182 77 1
1 33 107 1
1 40 113 1
1 46 37 1
1 207 55 1
1 128 249 1
1 220 98 1
1 156 215 1
1 25 176 1
1 30 109 1
1 74 79 1
1 209 124 1
1 115 31 1
1 74 233 1
1 123 192 1
1 90 49 1
1 13 123 1
1 156 54 1
1 237 202 1
1 91 188 1
1 2 219 1
1 181 222 1
1 61 82 1
1 182 87 1
1 2 212 1
1 196 76 1
1 36 149 1
1 200 151 1
1 181 18 1
1 128 48 1
1 210 219 1
1 97 224 1
1 86 253 1
1 22 67 1
1 200 113 1
1 255 202 1
1 77 181 1
1 168 138 1
1 7 94 1
1 225 9 1
1 51 166 1
1 85 87 1
1 59 29 1
1 238 240 1
1 47 110 1
1 32 2 1
1 73 129 1
1 226 160 1
1 127 248 1
1 227 71 1
1 105 227 1
1 17 182 1
1 152 185 1
1 65 159 1
1 24 34 1
1 168 75 1
1 200 253 1
1 162 4 1
1 26 144 1
1 244 73 1
1 254 21 1
1 75 72 1
1 150 45 1
1 232 21 1
1 37 203 1
1 92 143 1
1 174 109 1
1 69 70 1
1 39 134 1
1 229 63 1
1 169 141 1
1 138 113 1
1 138 44 1
1 117 164 1
1 188 106 1
1 238 186 1
1 127 57 1
1 2 21 1
1 103 234 1
1 43 140 1
1 182 135 1
1 27 100 1
1 245 97 1
1 171 28 1
1 231 144 1
1 91 144 1
1 30 229 1
1 2 168 1
1 17 119 1
1 77 205 1
1 225 59 1
1 135 96 1
1 116 138 1
1 118 219 1
1 116 161 1
1 104 42 1
1 40 131 1
1 143 29 1
1 228 58 1
1 57 204 1
1 202 148 1
1 92 232 1
1 121 94 1
1 145 138 1
1 214 222 1
1 87 183 1
1 25 223 1
1 24 141 1
1 105 142 1
1 105 221 1
1 47 209 1
1 8 87 1
1 84 151 1
1 117 57 1
1 209 174 1
1 5 155 1
1 67 97 1
1 132 188 1
1 192 21 1
1 71 150 1
1 243 158 1
1 77 12 1
1 125 101 1
1 153 230 1
1 243 2 1
1 196 34 1
1 211 204 1
1 122 40 1
1 99 239 1
1 97 52 1
1 157 102 1
1 207 224 1
1 199 83 1
1 157 135 1
1 104 228 1
1 29 91 1
1 130 107 1
1 103 0 1
1 208 1 1
1 230 196 1
1 3 170 1
1 230 215 1
1 118 96 1
1 255 217 1
1 79 96 1
1 13 237 1
1 198 221 1
1 205 141 1
1 48 106 1
1 21 153 1
1 78 50 1
1 244 209 1
1 157 92 1
1 209 110 1
1 93 183 1
1 50 96 1
1 98 24 1
1 55 216 1
1 121 54 1
1 178 200 1
1 150 191 1
1 181 92 1
1 156 131 1
1 234 205 1
1 237 255 1
1 102 60 1
1 49 90 1
1 13 207 1
1 182 222 1
1 61 19 1
1 149 111 1
1 116 247 1
1 135 171 1
1 208 0 1
1 226 130 1
1 201 120 1
1 65 126 1
1 213 222 1
1 1 191 1
1 171 239 1
1 190 17 1
1 43 239 1
1 107 56 1
1 190 34 1
1 22 251 1
1 53 171 1
1 106 169 1
1 163 242 1
1 85 115 1
1 242 55 1
1 245 187 1
1 175 54 1
1 58 132 1
1 20 59 1
1 67 191 1
1 42 1 1
1 208 85 1
1 241 60 1
1 141 175 1
1 94 163 1
1 171 147 1
1 79 21 1
1 61 242 1
1 7 146 1
1 101 250 1
1 201 90 1
1 181 120 1
1 144 239 1
1 253 165 1
1 43 64 1
1 100 85 1
1 66 53 1
1 171 51 1
1 113 56 1
1 226 207 1
1 220 141 1
1 98 43 1
1 163 159 1
1 29 170 1
1 49 130 1
1 164 250 1
1 220 90 1
1 115 108 1
1 73 112 1
1 17 116 1
1 176 118 1
1 202 242 1
1 171 117 1
1 37 28 1
1 173 8 1
1 235 137 1
1 149 77 1
1 180 56 1
1 237 209 1
1 227 30 1
1 83 135 1
1 25 47 1
1 225 140 1
1 156 43 1
1 252 173 1
1 159 172 1
1 35 105 1
1 159 206 1
1 222 196 1
1 234 140 1
1 204 213 1
1 21 98 1
1 35 202 1
1 154 16 1
1 155 125 1
1 46 239 1
1 5 71 1
1 30 230 1
1 211 186 1
1 17 207 1
1 104 177 1
1 124 139 1
1 26 27 1
1 90 249 1
1 223 68 1
1 133 172 1
1 26 154 1
1 14 61 1
1 100 168 1
1 77 0 1
1 38 123 1
1 239 43 1
1 195 13 1
1 17 150 1
1 200 35 1
1 102 48 1
1 212 226 1
1 187 238 1
1 253 21 1
1 231 220 1
1 90 108 1
1 136 116 1
1 7 150 1
1 177 107 1
1 63 254 1
1 107 101 1
1 121 90 1
1 144 60 1
1 104 161 1
1 211 48 1
1 196 57 1
1 96 152 1
1 27 27 1
1 135 24 1
1 49 110 1
1 244 139 1
1 219 125 1
1 255 226 1
1 19 176 1
1 77 82 1
1 174 185 1
1 183 39 1
1 19 71 1
1 100 123 1
1 233 55 1
1 171 173 1
1 112 11 1
1 70 139 1
1 39 205 1
1 163 88 1
1 59 151 1
1 227 22 1
1 20 226 1
1 248 40 1
1 146 70 1
1 122 64 1
1 255 50 1
1 103 18 1
1 121 203 1
1 142 98 1
1 2 57 1
1 16 114 1
1 69 86 1
1 253 108 1
1 35 160 1
1 196 94 1
1 56 167 1
1 117 76 1
1 137 109 1
1 116 27 1
1 179 239 1
1 91 178 1
1 33 194 1
1 197 154 1
1 142 83 1
1 253 144 1
1 140 13 1
1 3 209 1
1 99 0 1
1 61 134 1
1 161 1 1
1 228 217 1
1 168 89 1
1 37 49 1
1 199 154 1
1 76 122 1
1 137 167 1
1 45 170 1
1 106 242 1
1 68 248 1
1 69 65 1
1 136 209 1
1 78 139 1
1 163 177 1
1 140 224 1
1 55 45 1
1 226 28 1
1 6 138 1
1 117 43 1
1 188 60 1
1 197 8 1
1 183 78 1
1 176 228 1
1 248 26 1
1 214 61 1
1 18 27 1
1 126 154 1
1 236 205 1
1 38 143 1
1 126 178 1
1 112 182 1
1 223 82 1
1 210 229 1
1 220 71 1
1 16 152 1
1 132 214 1
1 161 59 1
1 36 81 1
1 31 29 1
1 107 245 1
1 90 125 1
1 16 216 1
1 23 252 1
1 165 61 1
1 140 36 1
1 239 252 1
1 218 206 1
1 78 172 1
1 179 42 1
1 243 196 1
1 195 119 1
1 154 100 1
1 178 190 1
1 181 209 1
1 219 32 1
1 198 53 1
1 157 214 1
1 14 180 1
1 211 179 1
1 242 95 1
1 215 225 1
1 91 177 1
1 176 169 1
1 93 99 1
1 211 81 1
1 39 150 1
1 200 193 1
1 250 123 1
1 128 175 1
1 76 91 1
1 207 19 1
1 145 108 1
1 233 159 1
1 33 188 1
1 82 19 1
1 27 42 1
1 244 118 1
1 219 164 1
1 31 57 1
1 8 243 1
1 138 47 1
1 137 82 1
1 241 132 1
1 205 113 1
1 51 26 1
1 204 3 1
1 45 93 1
1 111 22 1
1 252 144 1
1 211 79 1
1 163 238 1
1 121 152 1
1 101 84 1
1 60 132 1
1 141 68 1
1 119 23 1
1 116 1 1
1 106 101 1
1 133 55 1
1 214 184 1
1 81 162 1
1 187 126 1
1 0 43 1
1 149 252 1
1 187 104 1
1 75 95 1
1 86 196 1
1 247 187 1
1 25 51 1
1 64 166 1
1 120 183 1
1 190 236 1
1 184 40 1
1 81 61 1
1 95 39 1
1 246 177 1
1 201 177 1
1 47 201 1
1 220 196 1
1 198 152 1
1 44 17 1
1 247 131 1
1 214 238 1
1 62 239 1
1 33 126 1
1 149 153 1
1 54 83 1
1 133 238 1
1 123 214 1
1 44 219 1
1 253 34 1
1 140 199 1
1 211 187 1
1 144 176 1
1 128 86 1
1 72 172 1
1 104 63 1
1 47 62 1
1 45 110 1
1 45 78 1
1 236 194 1
1 232 34 1
1 22 109 1
1 17 145 1
1 68 61 1
1 108 65 1
1 95 248 1
1 8 50 1
1 180 153 1
1 226 52 1
1 239 42 1
1 224 87 1
1 105 16 1
1 149 150 1
1 126 194 1
1 229 106 1
1 133 205 1
1 141 155 1
1 58 158 1
1 44 126 1
1 219 153 1
1 192 58 1
1 145 200 1
1 108 69 1
1 97 79 1
1 121 81 1
1 121 90 1
1 168 227 1
1 106 62 1
1 121 232 1
1 0 94 1
1 82 133 1
1 43 223 1
1 32 102 1
1 125 77 1
1 228 88 1
1 230 164 1
1 146 119 1
1 109 255 1
1 189 206 1
1 78 54 1
1 31 199 1
1 144 200 1
1 170 250 1
1 6 36 1
1 226 6 1
1 130 53 1
1 140 174 1
1 20 172 1
1 20 146 1
1 249 248 1
1 234 223 1
1 157 125 1
1 87 10 1
1 124 20 1
1 216 202 1
1 74 248 1
1 145 219 1
1 192 60 1
1 213 198 1
1 96 184 1
1 204 226 1
1 237 88 1
1 144 1 1
1 5 164 1
1 147 254 1
1 157 126 1
1 222 58 1
1 251 53 1
1 68 119 1
1 73 28 1
1 65 147 1
1 20 210 1
1 110 212 1
1 14 68 1
1 154 110 1
1 252 103 1
1 81 233 1
1 191 225 1
1 234 196 1
1 134 126 1
1 195 35 1
1 252 161 1
1 93 247 1
1 214 161 1
1 110 31 1
1 189 175 1
1 178 210 1
1 129 33 1
1 166 144 1
1 101 65 1
